0 0.0921875 0.559375 0.03984375 0.04375
0 0.23828125 0.55390625 0.03359375 0.0328125
0 0.24375 0.58671875 0.03671875 0.03125
0 0.34921875 0.53359375 0.03671875 0.021875
0 0.3875 0.4734375 0.03828125 0.03359375
0 0.4453125 0.5 0.03203125 0.04609375
0 0.546875 0.45390625 0.04453125 0.040625
0 0.51796875 0.55625 0.03203125 0.03515625
0 0.6328125 0.42890625 0.04296875 0.05078125
0 0.68359375 0.43984375 0.04140625 0.05546875
0 0.734375 0.42890625 0.046875 0.04609375
0 0.8640625 0.403125 0.065625 0.0640625